# установка камеры в точку (10,5,5) направленной в точку (10,5,0)
# с направлением вверх (0,1,0)
camera 10 5 5 10 5 0 0 1 0
# установка окна с углом обзора 90 градусов
# с соотношением сторон 2:1 на расстоянии 5 от наблюдателя (от камеры)
# расстояние до горизонта - 20
screen 90 2 5 20

model 5 7 0 10 14 1

color 0 0 228 # цвет красный
thickness 2   # толщина 2


mesh 190 170

# Корона
6. 9.5 0 0.0 0.0 1.0 #0	
6.5 10.5 0 0.0 0.0 1.0 #1
6. 10. 0 0.0 0.0 1.0 #2
5.5 10.5 0 0.0 0.0 1.0 #3
5.5 9.5 0 0.0 0.0 1.0 #4
5. 10. 0 0.0 0.0 1.0 #5
4.5 10.5 0 0.0 0.0 1.0 #6
5. 9.5 0 0.0 0.0 1.0 #7
# Голова
6. 7. 0 0.0 0.0 1.0 #8
6.5 8.5 0 0.0 0.0 1.0 #9
5.5 7. 0 0.0 0.0 1.0 #10
5. 7.5 0 0.0 0.0 1.0 #11
4.5 7.5 0 0.0 0.0 1.0 #12
4. 8. 0 0.0 0.0 1.0 #13
3. 8. 0 0.0 0.0 1.0 #14
4. 9. 0 0.0 0.0 1.0 #15
5. 9.5 0 0.0 0.0 1.0 #16
6. 9.5 0 0.0 0.0 1.0 #17
# Глаз
5.5 9. 0 0.0 0.0 1.0 #18
5. 9. 0 0.0 0.0 1.0 #19
4.5 8.5 0 0.0 0.0 1.0 #20
5. 8.5 0 0.0 0.0 1.0 #21
5.5 8.5 0 0.0 0.0 1.0 #22
5. 8. 0 0.0 0.0 1.0 #23
2.5 8 0 0.0 0.0 1.0 #24
# Правая  часть туловища
5. 1.5 0 0.0 0.0 1.0 #25
7. 2.5 0 0.0 0.0 1.0 #26
7. 3. 0 0.0 0.0 1.0 #27
6. 6. 0 0.0 0.0 1.0 #28
6. 7. 0 0.0 0.0 1.0 #29
# Левая  часть туловища
4.5 1.75 0 0.0 0.0 1.0 #30
5. 1.5 0 0.0 0.0 1.0 #31
3. 2.5 0 0.0 0.0 1.0 #32
3. 3. 0 0.0 0.0 1.0 #33
5.5 7. 0 0.0 0.0 1.0 #34
4.875  6. 0 0.0 0.0 1.0 #35
# Левая  нога
3.  0. 0 0.0 0.0 1.0 #36
3.5  0. 0 0.0 0.0 1.0 #37
3.5  0.5 0 0.0 0.0 1.0 #38
4.  0.5  0 0.0 0.0 1.0 #39
4.5  0.5 0 0.0 0.0 1.0 #40
4.5  1. 0 0.0 0.0 1.0 #41
4.5  1.75 0 0.0 0.0 1.0 #42
5.  1.5 0 0.0 0.0 1.0 #43
5.  1. 0 0.0 0.0 1.0 #44
5.  0.5 0 0.0 0.0 1.0 #45
5.  0. 0 0.0 0.0 1.0 #46
4.5  0. 0 0.0 0.0 1.0 #47
4.  0. 0 0.0 0.0 1.0 #48
5. 0.5 0 0.0 0.0 1.0 #49
# Правая нога
5.5  0. 0 0.0 0.0 1.0 #50
6.  0. 0 0.0 0.0 1.0 #51
6.5  0. 0 0.0 0.0 1.0 #52
7.  0. 0 0.0 0.0 1.0 #53
6.5  0.5 0 0.0 0.0 1.0 #54
6.  0.5 0 0.0 0.0 1.0 #55
5.5  0.5 0 0.0 0.0 1.0 #56
5.5  1. 0 0.0 0.0 1.0 #57
5.5  1.5 0 0.0 0.0 1.0 #58
5.5  1.75 0 0.0 0.0 1.0 #59
5.  1.5 0 0.0 0.0 1.0 #60
# Левое перо1
3.  2.5 0 0.0 0.0 1.0 #61
2.  2. 0 0.0 0.0 1.0 #62
0.5  2.5 0 0.0 0.0 1.0 #63
1.  4. 0 0.0 0.0 1.0 #64
3.345   4.5 0 0.0 0.0 1.0 #65
# Левое узор1
1.5  2.5 0 0.0 0.0 1.0 #66
1.  3. 0 0.0 0.0 1.0 #67
1.5  3.5 0 0.0 0.0 1.0 #68
2.  3. 0 0.0 0.0 1.0 #69
1.5 2.25 0 0.0 0.0 1.0 #70(часть пера)
2. 4.25 0 0.0 0.0 1.0 #71(часть пера)
# Левое крыло
3.  3. 0 0.0 0.0 1.0 #72 
2.5  4. 0 0.0 0.0 1.0 #73  
3.  3.5 0 0.0 0.0 1.0 #74
3.5  5. 0 0.0 0.0 1.0 #75
4.875  6. 0 0.0 0.0 1.0 #76
3.25 4.5 0 0.0 0.0 1.0 #77
# Левое перо2
1.  4. 0 0.0 0.0 1.0 #78
0.5  5. 0 0.0 0.0 1.0 #79
1. 6. 0 0.0 0.0 1.0 #80
4.040   5.375 0 0.0 0.0 1.0 #81
# Левое узор2
1.5  4.5 0 0.0 0.0 1.0 #82 
1.  5. 0 0.0 0.0 1.0 #83 
1.5  5.5  0 0.0 0.0 1.0 #84 
2.  5. 0 0.0 0.0 1.0 #85
# Левое перо3
0.5  7. 0 0.0 0.0 1.0 #86
1.5  8. 0 0.0 0.0 1.0 #87
4.875  6. 0 0.0 0.0 1.0 #88
# Левое узор3
1.  7. 0 0.0 0.0 1.0 #89
1.5  7.5 0 0.0 0.0 1.0 #90
2.  7. 0 0.0 0.0 1.0 #91
1.5  6.5 0 0.0 0.0 1.0 #92
1.  7.5 0 0.0 0.0 1.0 #93
# Левое перо4
1.5  8. 0 0.0 0.0 1.0 #94
1.  9.5 0 0.0 0.0 1.0 #95
2.5  10. 0 0.0 0.0 1.0 #96
3.595   8.625 0 0.0 0.0 1.0 #97
# Левое перо4(1)
4.  8. 0 0.0 0.0 1.0 #98 
5.090   6.310 0 0.0 0.0 1.0 #99
# Левое узор4
2.  8.5 0 0.0 0.0 1.0 #100
1.5  9. 0 0.0 0.0 1.0 #101
1.5  9.5 0 0.0 0.0 1.0 #102
2.  9.5 0 0.0 0.0 1.0 #103
2.5  9. 0 0.0 0.0 1.0 #104
2.5  8.5 0 0.0 0.0 1.0 #105
2.  8.5 0 0.0 0.0 1.0 #106
4. 6.5 0 0.0 0.0 1.0 #107
2.5 8 0 0.0 0.0 1.0 #108
3.25 9.25 0 0.0 0.0 1.0 #109
# Правое  перо1
8.  2. 0 0.0 0.0 1.0 #110
9.5  2.5 0 0.0 0.0 1.0 #111
9.  4. 0 0.0 0.0 1.0 #112
7.  4.5 0 0.0 0.0 1.0 #113
# Правый  узор1
8.5  2.5 0 0.0 0.0 1.0 #114
8.  3. 0 0.0 0.0 1.0 #115
8.5  3.5 0 0.0 0.0 1.0 #116
9.  3. 0 0.0 0.0 1.0 #117
7.5 4. 0 0.0 0.0 1.0 #118
# Правое  перо2
9.  4. 0 0.0 0.0 1.0 #119
9.5  5. 0 0.0 0.0 1.0 #120
9.  6. 0 0.0 0.0 1.0 #121
6.5  5.5 0 0.0 0.0 1.0 #122
# Правый  узор2
8.5  4.5 0 0.0 0.0 1.0 #123
8.  5. 0 0.0 0.0 1.0 #124
8.5  5.5 0 0.0 0.0 1.0 #125
9.  5. 0 0.0 0.0 1.0 #126
7. 4 0 0.0 0.0 1.0 #127
7. 4.5 0 0.0 0.0 1.0 #128
7. 5.5 0 0.0 0.0 1.0 #129
# Правое  перо3
9.  6. 0 0.0 0.0 1.0 #130
10.  7. 0 0.0 0.0 1.0 #131
9.  8. 0 0.0 0.0 1.0 #132
6.  6. 0 0.0 0.0 1.0 #133
# Правый  узор3
9.  6.5 0 0.0 0.0 1.0 #134
8.5  7. 0 0.0 0.0 1.0 #135
9.  7.5 0 0.0 0.0 1.0 #136
9.5  7. 0 0.0 0.0 1.0 #137
6.5 5.5 0 0.0 0.0 1.0 #138
7. 5. 0 0.0 0.0 1.0 #139
6. 6. 0 0.0 0.0 1.0 #140
9.5 6.5 0 0.0 0.0 1.0 #141
# Правое  перо4
9.  8. 0 0.0 0.0 1.0 #142
10.  9.5 0 0.0 0.0 1.0 #143
8.5  10. 0 0.0 0.0 1.0 #144
6.  6.5 0 0.0 0.0 1.0 #145
# Правый  узор4
8.5  8.5 0 0.0 0.0 1.0 #146
8.5  9. 0 0.0 0.0 1.0 #147
9.  9.5 0 0.0 0.0 1.0 #148
9.5  9.5 0 0.0 0.0 1.0 #149
9.5  9. 0 0.0 0.0 1.0 #150
9.  8.5 0 0.0 0.0 1.0 #151
8.5 7.75 0 0.0 0.0 1.0 #152
# Левое перо5
2.5  10. 0 0.0 0.0 1.0 #153
2.5  12.5 0 0.0 0.0 1.0 #154
4.5  12. 0 0.0 0.0 1.0 #155
# Левое узор5
3.5  10.5 0 0.0 0.0 1.0 #156
3.  11.5 0 0.0 0.0 1.0 #157
3.  12. 0 0.0 0.0 1.0 #158
3.5  12. 0 0.0 0.0 1.0 #159
4.  11. 0 0.0 0.0 1.0 #160
4.  10.5 0 0.0 0.0 1.0 #161
3.25 9.25 0 0.0 0.0 1.0 #162
3.40 8.55 0 0.0 0.0 1.0 #163
# Центр  перо
5.  10. 0 0.0 0.0 1.0 #164
4.5  12. 0 0.0 0.0 1.0 #165
4.  13. 0 0.0 0.0 1.0 #166
5.5  14.0 0.0 0.0 1.0 #167
7.  13. 0 0.0 0.0 1.0 #168
6.5  12. 0 0.0 0.0 1.0 #169
6.  10.  0 0.0 0.0 1.0 #170
# Центр узор
5.  12. 0 0.0 0.0 1.0 #171
5.  13. 0 0.0 0.0 1.0 #172
5.5  13.5 0 0.0 0.0 1.0 #173
6.  13. 0 0.0 0.0 1.0 #174
6.  12. 0 0.0 0.0 1.0 #175
5.5  11.5 0 0.0 0.0 1.0 #176
4. 9. 0 0.0 0.0 1.0 #177
# Правое  перо5
8.5  10. 0 0.0 0.0 1.0 #178
8.5  12.5 0 0.0 0.0 1.0 #179
6.5  12. 0 0.0 0.0 1.0 #180
# Правый  узор5
7.  10.5 0 0.0 0.0 1.0 #181
7.  11. 0 0.0 0.0 1.0 #182
7.5  12.0 0.0 0.0 1.0 #183
8.  12. 0 0.0 0.0 1.0 #184
8.  11.5 0 0.0 0.0 1.0 #185
7.5  10.5 0 0.0 0.0 1.0 #186
8.5 12 0 0.0 0.0 1.0 #187
8.5 11.5 0 0.0 0.0 1.0 #188
6.75 7.3 0 0.0 0.0 1.0 #189
7 6 5 
5 3 2
2 1 0 
2 0 4 
7 5 4 
4 5 2 
4 22 0 
0 22 9
9 22 8
4 18 19
7 4 19 
15 19 16
19 13 15 
20 13 23 
12 22 11 
11 22 10 
13 23 12
10 8 22
10 35 28
10 28 29
35 27 33 
33 32 26
26 27 33
31 26 32 
35 28 27 
42 43 49
49 42 40
49 40 46
46 47 40
40 47 37
37 38 40
37 38 36 
59 25 49 
59 56 49
49 56 46
56 46 50
50 56 52
52 56 54 
54 52 53
32 33 69
32 69 62
69 62 66 
62 66 70 
70 66 63 
66 63 67 
63 67 64 
64 67 71
68 71 69 
69 71 73 
73 71 77
74 77 73
33 69 73
67 68 64(запас)
77 71 85 
71 85 82
71 82 78 
82 78 83 
78 79 80  
75 77 85 
81 75 85 
84 80 81 
84 85 81 
83 84 80
81 80 88 
88 80 91
91 88 87
87 91 90 
90 87 93 
90 93 89 
93 80 86 
89 80 92 
76 99 107
99 107 98 
98 107 108 
108 87 107
108 97 109 
109 108 96
104 103 96
96 103 102
102 95 96 
94 95 102
101 94 100  
105 100 94
118 116 112
114 117 111
112 116 117
27 118 115
27 115 26
26 110 115
115 118 116
105 108 94
114 115 110
114 111 110
111 117 112
127 128 119 
124 129 128
121 126 125 
121 120 119 
128 124 123
128 119 123
126 123 119 
124 121 129
129 138 139
128 130 134 
134 135 138
135 138 140
140 132 135
135 132 136 
136 132 137
132 137 131
131 137 141
141 134 130
134 141 137
134 130 122
142 151 143
143 144 148 
149 150 143
148 144 147 
144 147 145
147 146 145
144 140 147
146 152 133
152 142 146 
146 142 151 
133 145 146
15 161 162
15 162 163
153 154 157 
154 157 158
153 157 163
156 161 163 
157 156 163
158 165 154 
165 159 160 
165 160 6
165 6 5 
161 16 160
161 177 16 
5 3 176 
6 3 176 
176 5 171 
176 6 175 
171 165 5 
165 171 172
172 166 165 
175 6 169
175 169 174
174 169 168
168 174 167 
174 167 173
172 166 167 
167 173 172 
2 3 176 
2 169 175
2 175 176
180 1 2
180 182 1 
1 9 17 
1 182 181
1 186 9
185 188 187 
187 184 185
183 182 180
180 179 187
185 188 178
185 186 178
178 186 145 
186 8 9
186 9 145
8 145 9 
pushTransform
scale 0.5
translate 0 0 0
rotate 135 0 0 1
translate 7.5 2 0
figure
popTransform
pushTransform
scale 1
translate 0 0 0
rotate 150 0 0 1
translate 12.5 6 0
figure
popTransform
pushTransform
scale 0.5
translate 0 0 0
rotate 195 0 0 1
translate 17.5 2 0
figure
popTransform
pushTransform
scale 1
translate 0 0 0
rotate 315 0 0 1
translate 17.5 6 0
figure
popTransform


model 2.25 4.5 0 4.5 8 2
color 128 128 128 # серый цвет

mesh 39 31
# голова
0.5 3. 0. #0 левая щека
1. 4.5 0. #1 левое ухо слева снизу
0.5 6. 0. #2 левое ухо слева середина
0.5 7.5 0. #3 левое ухо верх слева
1. 8. 0. #4 левое ухо верх середина слева
1.5 8. 0. #5 левое ухо верх середина справа
2. 7.5 0. #6 левое ухо крайняя правая
1.5 6. 0. #7 левое ухо середина справа
1.5 4.5 0. #8 макушка слева
3. 4.5 0. #9 макушка справа
3. 6. 0. #10 правое ухо середина слева
2.5 7.5 0. #11 правое ухо крайняя левая
3. 8. 0. #12 правое ухо верх середина слева
3.5 8. 0. #13 правое ухо верх середина справа
4. 7.5 0. #14 правое ухо сверху справа
4. 6. 0. #15 правое ухо середина справа
3.5 4.5 0. #16 правое ухо низ справа
4. 3. 0. #17 правая щека
3.5 1.5 0. #18 правая скула
2.5 1. 0. #19 подбородок справа
2. 1. 0. #20 подбородок слева
1. 1.5 0. #21 левая скула
# глаза
# левый глаз
1.5 3.5 0. #22 левый глаз слева верх
1.5 3. 0. #23 левый глаз слева низ
2. 3. 0. #24 левый глаз справа низ
2. 3.5 0. #25 левый глаз справа верх
# правый глаз
2.5 3.5 0. #26 правый глаз слева верх
2.5 3. 0. #27 правый глаз слева низ
3. 3. 0. #28 правый глаз справа низ
3. 3.5 0. #29 правый глаз справа верх
# ушные раковины
# левая ушная раковина
1. 5.5 0. #30 нижняя точка
1. 7. 0. #31 верхняя левая
1.01 7. 0. #32 верхняя правая (дополнительная)
# правая ушная раковина
3.5 5.5 0. #33 нижняя точка
3.5 7. 0. #34 верхняя правая
3.49 7. 0. #35 верхняя левая (дополнительная)
# нос
2. 2.5 0. #36 сверху слева
2.5 2.5 0. #37 сверху справа
2.25 2. 0. #38 низ
# треугольники
0 7 23 # левый большой треугольник от щеки до глаза
1 30 7 # нижняя часть левого уха
1 2 4 # больший треугольник левого уха
2 3 4 # левая верхушка левого уха
4 5 31 # верхушка левого уха
5 31 32 # тонкий треугольник сверху
5 32 7 # с двумя пунктирными ребрами
5 6 7 # правая верхушка левого уха
32 7 30 # середина левого уха
8 9 22 # лоб сверху
9 22 29 # лоб справа
24 25 27 # между глаз левый
25 27 26 # между глаз правый
0 17 36 # большой под глазами
36 37 17 # от носа до правой скулы
0 36 21 # левая щека
36 38 21 # слева от носа
38 20 21 # под носом слева
38 19 20 # самый нижний
38 18 19 # под носом вправа
37 18 38 # справа от носа
37 17 18 # правая щека
17 28 10 # большой треугольник справа
10 33 16 # нижняя часть правого уха
16 13 15 # большой треугольник правого уха
13 14 15 # правая верхушка правого уха
12 13 34 # верхушка правого уха
12 34 35 # тонкий треугольник сверху
12 35 10 # правый треугольник с синим пунктиром
10 11 12 # левая верхушка правого уха
10 35 33 # средняя часть правого уха

pushTransform
scale 0.5
translate 0 0 0
rotate 45 0 0 1
translate 2.5 2 0
figure
popTransform
pushTransform
scale 1
translate 0 0 0
rotate 30 0 0 1
translate 2.5 6 0
figure
popTransform
pushTransform
scale 1
translate 0 0 0
rotate 90 0 0 1
translate 7.5 6 0
figure
popTransform
pushTransform
scale 0.5
translate 0 0 0
rotate 195 0 0 1
translate 12.5 2 0
figure
