frame 15. 15.
color 255 0 0
thickness 2

#from leg neck
path 8
0.5 0.5
1.5 1.5
1.5 5.5
1. 6.5
1.5 7.5
2. 8.
2.5 10.5
2.5 12.25

#head
path 19
3.5 12.5
2. 12.
1. 12.5
1. 13.
2. 13.5
2. 14.
1. 13.5
0.5 14.5
1.5 14.5
2. 14.
2.5 14.5
3.5 14.5
4. 14.
4.5 14.5
5.5 14.5
5.5 14.
4.5 13.5
5. 13.
4. 12.

#left eye
path 4
2. 13.5
2.5 14.
2.5 13.5
2. 13.5

#right eye
path 4
3. 13.5
3.5 14.
3.5 13.5
3. 13.5

#neck and body and right leg
path 22
4. 12.
4. 8.
5.5 7.
6.5 6.5
7. 6.
7.5 5.
7.5 4.5
7. 3.
7.5 2.
7. 1.
7.5 0.5
5.5 0.5
6. 1.5
6.5 1.5
7. 2.
6. 4.
5.5 4.2
6.5 2.
6. 1.5
5.5 1.5
5. 0.5
5.5 0.5

#body
path 5
5.5 4.2
3.5 5.
3. 5.5
2.5 5.5
2. 6.

#left legs
path 9
3.5 5.
3. 1.5
3.5 0.5
2. 0.5
2.5 1.5
2.5 5.5
2. 1.5
2. 0.5
0.5 0.5

#tail 
path 11
7.5 5.
8. 5.5
8. 7.
8.5 7.5
8.5 8.
9.5 8.5
9. 7.5
8.5 7.5
8. 7.
8.5 5.
7.5 4.5

#saasdadwsa
path 4
7.5 5.
7. 5.
7. 4.5
7.5 4.5

path 6
6. 4
6.5 5.5
6.5 6.5
6. 6.5
6. 5.5
6.5 5.5

path 4
5.5 5.5
5. 5.5
5. 5.
5.5 5.5

path 7
5.5 6.
5.5 7.
4.5 7.
4.5 6.5
5. 6.5
5. 6.
5.5 6.

path 5
4.5 6.
4. 6.5
3.5 6.
4. 5.5
4.5 6.

path 5
4. 7.
4. 7.5
3.5 7.5
3.5 7.
4. 7.

path 4
3. 7.5
3. 7.
2.5 7.
3. 7.5

path 5
2.5 7.5
2.5 8.
2. 8.
2. 7.5
2.5 7.5

path 4
2.5 8.5
2.5 9.
3. 8.5
2.5 8.5

path 4
3. 8.
4. 9.
4. 8.
3. 8.

path 4
4. 9.5
3. 9.5
3.5 10.
4. 9.5

path 5
4. 10.
3.5 10.5
3.5 11.
4. 11.5
4. 10.

path 4
3. 10.5
2.5 10.5
2.5 11.
3. 10.5

path 5
2.5 11.5
3. 12.
3.5 11.5
3. 11.
2.5 11.5
